Senegal
221
221761113595
221769495678
221766074953
221764346601
221766865290
221768070580
221761676850
221763839852
221761178626
221766288423
221767598762
221765653628
221767664973
221766879288
221766050779
221764899655
221765365114
221765155883
221765197875
221761546267
221767367998
221765643559
221765341128
221768073386
221762344085
221766832651
221767714756
221763478419
221765192604
221767819828
221764336130
221767852653
221767867725
221769213161
221764690867
221765392972
221766038870
221761632841
221766093137
221765694010
221765139086
221764880594
221767749932
221762331107
221767789930
221768273796
221766874616
221766819171
221765745643
221767212639
221767754895
221768030150
221768845809
221767892331
221769226399
221769253597
221764316158
221766624629
221762387618
221765356551
221766618064
221764820877
221765180840
221769247510
221769477506
221769154787
221766880467
221766476731
221764021178
221764872676
221764820591
221766376527
221766633799
221765379864
221767562518
221767598127
221767258815
221766415046
221769564904
221769283201
221763295019
221763892781
221767810991
221765686057
221769616448
221766864945
221768081791
221761857133
221768255830
221766614397
221766821610
221761588096
221765628734
221765163602
221761680583
221766663934
221764655654
221764816959
221767246379
221766337597
221766813115
221767874291
221766882600
221763252585
221765638532
221765384504
221767710129
221762338354
221767844896
221764860981
221769039904
221769480949
221763421336
221766686140
221764852267
221764026740
221761518003
221763876060
221766846717
221767348778
221767718234
221762660238
221763368514
221766469344
221765043290
221768275348
221766362458
221767798026
221766374349
221761592465
221764392491
221769283756
221766670500
221769250924
221763457068
221762394286
221765053340
221769315262
221765122406
221769487339
221767287544
221764047170
221764095480
221761474474
221764817312
221761591959
221765322521
221762059532
221767796369
221765159534
221762618313
221765191742
221762751643
221764961364
221766841096
221763597015
221761424518
221763256672
221761934739
221763433809
221769427463
221767442320
221762344075
221769215780
221769597017
221764867995
221765371770
221763844756
221766212911
221763477606
221761987689
221761318968
221763552093
221762893387
221763320171
221768138765
221769504798
221766859906
221767382170
221766535622
221764835858
221766839431
221764678898
221762668525
221765170080
221767377877
221762650649
221767387464
221765888510
221766604275
221762509842
221761203685
221764819972
221767865420
221764347802
221762211292
221761654931
221765386982
221765056850
221764829539
221766065273
221762384717
221763189771
221765324249
221766891014
221768181938
221762727360
221765787987
221762343247
221761797008
221764814352
221762298701
221761278539
221764821207
221766385779
221765831511
221763893238
221767382093
221768083461
221769537172
221767251485
221763606050
221766841467
221764654511
221764097658
221768464934
221763412651
221761254293
221763335886
221762002895
221761131240
221766364812
221762394618
221767795730
221767930604
221761838344
221761797024
221762868623
221764129881
221762291270
221766616108
221762331476
221766082285
221761628641
221766049082
221762633210
221765121716
221765554725
221762868055
221767349962
221765616284
221767875668
221765177371
221765614664
221761841130
221765725152
221761726416
221761084775
221767158291
221762039240
221761580464
221761036118
221769021599
221767158260
221764575179
221762365829
221769587409
221762608235
221769552924
221768060300
221762443956
221762668634
221763291438
221762443904
221768206007
221763532437
221764609368
221762829540
221768032595
221761692183
221765344586
221761975712
221767870741
221766364811
221765319837
221764781094
221763494577
221764130489
221768206044
221764209284
221761993452
221764714927
221763211135
221764994792
221764416473
221765473647
221765058487
221766017532
221768905416
221769350992
221763675307
221762854148
221763514093
221769359023
221761450407
221765428097
221761979042
221766604214
221767825036
221765635656
221763066198
221766694836
221765530333
221764213277
221764514291
221761362771
221765062334
221764058207
221768905452
221766572679
221764758371
221763598490
221761987606
221768189926
221766367912
221762887297
221768641878
221761987620
221769359048
221763477660
221766157115
221767726762
221766525466
221765540194
221763427547
221764901150
221768905453
221764065445
221769682397
221765156824
221769856463
221761278515
221767875677
221766010773
221761688223
221765850937
221763814894
221768028829
221763227042
221766883023
221769587451
221765896189
221762028967
221766230522
221765341846
221764443102
221768905467
221764505562
221764884471
221764213222
221763552023
221765831158
221763985230
221766578477
221764209239
221767610394
221769587452
221764361878
221761036105
221763132226
221769507508
221767430349
221767925542
221764806252
221762647651
221767430360
221768330478
221763708793
221769127840
221762658077
221766367918
221769582349
221767381387
221766227931
221764657432
221769311054
221761362729
221764276149
221766215687
221766322948
221763552012
221766161688
221765319884
221767610385
221761386556
221763901556
221763352397
221768572882
221764361893
221767782865
221767772060
221767879995
221767831460
221761536878
221762652322
221762790598
221766848537
221761998611
221761541773
221769587449
221765212040
221761927221
221769384034
221764894835
221769397468
221761152884
221766078704
221761553733
221765896169
221761259944
221762868063
221764369808
221767904058
221764282165
221765324291
221768142317
221765800812
221761410814
221764051834
221764562507
221765831117
221761987693
221768514073
221767770734
221768446787
221762759863
221765928358
221768223203
221763935813
221761806758
221767256097
221766787476
221766389756
221761662721
221761699143
221766787456
221764396623
221769970971
221763660262
221764758392
221769904816
221763412341
221769549159
221767846584
221766696746
221764758381
221764394501
221768169013
221767343410
221765351877
221768021315
221769282785
221767592775
221766157142
221761278557
221761797040
221764678825
221763514008
221767829610
221766161626
221762455602
221761203647
221766581899
221769904841
221762466474
221764884467
221769123147
221764514296
221765655339
221768304141
221762563951
221762608237
221767073403
221765928318
221761737018
221765351363
221767257569
221769756745
221761141310
221769933130
221768188913
221763901546
221767414508
221766418959
221767158213
221765493373
221761169254
221764438010
221761838335
221765739198
221767290053
221769546022
221767846563
221769182856
221761386532
221765108291
221761666902
221762466428
221768114384
221762727372
221769582319
221767819575
221763494535
221761662733
221764181261
221769245418
221765878633
221765473615
221766913441
221769446935
221761254277
221761084709
221764590311
221768050386
221764617850
221761548291
221768055966
221768173150
221764690618
221764505577
221768446756
221763194627
221763352303
221762455674
221762509835
221768138781
221766173704
221769657529
221762173723
221766182823
221768745309
221767564604
221768123158
221769139358
221768741428
221766049362
221764749816
221764749834
221763352305
221764108054
221767772831
221762845442
221767326726
221763009394
221769861894
221768397306
221761553729
221761939802
221768271422
221769397483
221769245477
221765341812
221766658780
221762730778
221766230525
221764369894
221769198638
221764686372
221767433311
221764683909
221762730743
221761500333
221767110276
221768615621
221767250342
221766308111
221762727361
221762039256
221766302466
221761660337
221762466455
221769384045
221763189755
221765494167
221766339962
221763855161
221763518721
221766319690
221767544051
221764331774
221763587197
221766067139
221761115059
221762285392
221761637772
221768719849
221766711147
221765587456
221769245445
221761894618
221763514090
221764129526
221767007890
221765590487
221766928823
221764856106
221762668660
221765928391
221766156519
221762349832
221763532456
221761362751
221765172264
221762365852
221763532428
221767681038
221763776197
221764751971
221766915328
221761666999
221764065456
221762478191
221762730745
221764271186
221762352824
221764382375
221764651784
221767851536
221765473605
221762478197
221762858451
221765886406
221764678807
221765166825
221768567909
221764407447
221769151540
221769933116
221761152835
221762868634
221768271412
221762689944
221761628608
221769858212
221764894826
221763722406
221768883715
221767772830
221764683994
221763651939
221765530325
221767497040
221768123187
221762960163
221764758321
221763810546
221763972766
221764683983
221762466412
221769633405
221761881700
221762893356
221768741457
221761708386
221768120327
221767610313
221763309607
221761481515
221764443166
221766364898
221764396640
221763798555
221769146140
221767158226
221762868308
221767085590
221766890435
221762950646
221768111156
221765573498
221762400903
221766215661
221761797071
221765108205
221763966691
221767417239
221763315436
221769350940
221763211160
221765540180
221762107790
221765473631
221763533585
221769682329
221763412304
221765156862
221765896129
221769856448
221763967663
221763189797
221765868271
221763598495
221763412330
221765449392
221761726495
221767497072
221766332170
221764410188
221762950677
221762365854
221766604219
221767930659
221761993414
221767251479
221768843000
221764695600
221767681072
221762031628
221764726219
221767326755
221761092629
221764657715
221762478133
221761662755
221761168813
221763798568
221768397397
221764054353
221765739100
221762455620
221769688239
221764284905
221768572816
221768175672
221764657451
221769183619
221765481737
221764643758
221765530313
221763317579
221762154275
221762343288
221763507389
221763786536
221768060315
221767592741
221764970011
221768446708
221764726242
221768175643
221769182882
221765644735
221765218315
221761168877
221766493892
221765590478
221768229926
221768039211
221762659832
221764832653
221764407478
221763009305
221765449353
221768123197
221763972782
221762858352
221767257574
221763374197
221769329018
221765787970
221761002115
221766604266
221766302437
221762950651
221762107721
221765554739
221764938984
221769348540
221761481577
221768741468
221763433220
221763050035
221768114342
221767304614
221763560394
221764609360
221766161665
221764130454
221764657440
221764058290
221761084793
221765573486
221764065423
221767827104
221765473699
221768120301
221764590384
221761802318
221765928331
221763132289
221764711180
221767417202
221765590464
221769754513
221769861856
221769329042
221761939820
221767564682
221768029090
221761580414
221769350902
221764749862
221769657502
221764514222
221763833367
221762248517
221769011153
221764662491
221762715723
221765896171
221762832214
221765659298
221769329019
221767304670
221762727309
221762647666
221762823586
221765929037
221762950661
221767937453
221761701858
221766156580
221766709344
221764129517
221765429401
221766031143
221765481762
221766367923
221765319874
221761002106
221769179972
221767110231
221768138747
221764015611
221767860191
221765679694
221762680127
221764817788
221761678369
221766068486
221766683266
221769414429
221762228410
221761553076
221766830636
221763124248
221768882026
221763901561
221763494573
221762031624
221764643726
221765659210
221766581807
221769754529
221762674189
221768816058
221764051854
221761636153
221766046833
221765196298
221766661865
221766326805
221764344852
221766812435
221769146185
221763211103
221761881741
221763615141
221766322945
221767250373
221761278561
221763335819
221763552021
221769633476
221765108233
221768142394
221764514237
221764410131
221768572826
221766017549
221764719090
221766427368
221763084351
221762400943
221762248523
221766161685
221763708744
221764894809
221761979066
221769815773
221762031698
221765058997
221765341821
221769350978
221764416413
221763901526
221766273479
221769546047
221762693149
221769505692
221766273464
221768066928
221761726220
221768641842
221763514022
221768468284
221767681017
221768330411
221769198691
221762002845
221766535629
221765573449
221763810592
221764651766
221762974683
221769011173
221762443991
221762509840
221761386504
221762854140
221769664160
221765481747
221764054327
221765662188
221761127978
221767930692
221767051899
221764122606
221767819561
221765878612
221766525428
221769151588
221764719075
221765022965
221764829368
221763335889
221766581823
221768494518
221764614407
221767381391
221761987672
221765522058
221761628615
221766233595
221768271441
221763560377
221763651998
221768883716
221767007898
221769943551
221765212024
221767414532
221769933122
221767007840
221769214557
221763227000
221769498897
221765690649
221762681903
221763437497
221761668266
221762689972
221767592779
221762727301
221763635893
221765638045
221762256196
221765345981
221768233777
221761544164
221761630995
221769287928
221768042114
221763814397
221769286999
221767392975
221767797300
221768739032
221764324267
221769433016
221766432992
221763493776
221765341622
221764679575
221765147196
221769523108
221766717984
221767786008
221769239594
221762228042
